{
  "cells": [
    {
      "cell_type": "code",
      "execution_count": null,
      "metadata": {
        "colab": {
          "base_uri": "https://localhost:8080/"
        },
        "id": "9-_tOX01fDbB",
        "outputId": "9c00e89c-d417-4f92-d4e6-a3a0614353fb"
      },
      "outputs": [
        {
          "output_type": "stream",
          "name": "stderr",
          "text": [
            "Downloading...\n",
            "From (original): https://drive.google.com/uc?id=1zq17RENYLU1qrE2gNPsxRAPoysWMZAqf\n",
            "From (redirected): https://drive.google.com/uc?id=1zq17RENYLU1qrE2gNPsxRAPoysWMZAqf&confirm=t&uuid=c3c33b3a-6764-4e35-8d55-41f18903d8be\n",
            "To: /content/mpsis_setup.py\n",
            "100%|██████████| 12.1k/12.1k [00:00<00:00, 9.08MB/s]\n"
          ]
        },
        {
          "output_type": "stream",
          "name": "stdout",
          "text": [
            "Mounted at /content/drive\n"
          ]
        }
      ],
      "source": [
        "import gdown\n",
        "import matplotlib.pyplot as plt\n",
        "import networkx as nx\n",
        "import numpy as np\n",
        "import pprint\n",
        "import random\n",
        "import pandas as pd\n",
        "import pulp\n",
        "import itertools\n",
        "import requests\n",
        "import random\n",
        "from geopy.distance import geodesic\n",
        "import time\n",
        "import pandas as pd\n",
        "import os"
      ]
    },
    {
      "cell_type": "code",
      "execution_count": null,
      "metadata": {
        "id": "DVR9RjAKhmC-"
      },
      "outputs": [],
      "source": [
        "def generate_random_point(sw_lat, sw_lng, ne_lat, ne_lng):\n",
        "    lat = random.uniform(sw_lat, ne_lat)\n",
        "    lng = random.uniform(sw_lng, ne_lng)\n",
        "    return lat, lng\n",
        "\n",
        "def snap_to_road(lat, lng, api_key):\n",
        "    url = f'https://roads.googleapis.com/v1/nearestRoads?points={lat},{lng}&key={api_key}'\n",
        "    response = requests.get(url)\n",
        "    data = response.json()\n",
        "    if 'snappedPoints' in data and len(data['snappedPoints']) > 0:\n",
        "        snapped_point = data['snappedPoints'][0]['location']\n",
        "        return snapped_point['latitude'], snapped_point['longitude']\n",
        "    return None\n",
        "\n",
        "def get_road_distance_time(origin, destination, api_key):\n",
        "    origin_str = f'{origin[0]}, {origin[1]}'\n",
        "    destination_str = f'{destination[0]}, {destination[1]}'\n",
        "    departure_time = int(time.time()) + 24 * 3600\n",
        "    url = (\n",
        "        f'https://maps.googleapis.com/maps/api/distancematrix/json?units=metric&origins={origin_str}'\n",
        "        f'&destinations={destination_str}&mode=driving&departure_time={departure_time}&key={API_KEY}'\n",
        "    )\n",
        "    response = requests.get(url)\n",
        "    data = response.json()\n",
        "\n",
        "    if data['status'] == 'OK':\n",
        "        element = data['rows'][0]['elements'][0]\n",
        "        if element['status'] == 'OK':\n",
        "            distance = element['distance']['text']\n",
        "            duration = element['duration']['text']\n",
        "            return distance, duration\n",
        "        else:\n",
        "            return None, None\n",
        "    else:\n",
        "        return None, None\n",
        "\n",
        "def find_center(sw_lat, sw_lng, ne_lat, ne_lng):\n",
        "    center_lat = (sw_lat + ne_lat) / 2\n",
        "    center_lng = (sw_lng + ne_lng) / 2\n",
        "    return center_lat, center_lng\n",
        "\n",
        "def generate_list(n, target_sum):\n",
        "    if n <= 1:\n",
        "        raise ValueError(\"The length of the list must be greater than 1.\")\n",
        "    if target_sum < 0:\n",
        "        raise ValueError(\"The target sum must be non-negative.\")\n",
        "    result = [0]\n",
        "    random_values = np.random.rand(n - 1)\n",
        "    random_values *= target_sum / np.sum(random_values)\n",
        "    rounded_values = np.round(random_values, 2)\n",
        "    difference = target_sum - np.sum(rounded_values)\n",
        "\n",
        "    if len(rounded_values) > 0:\n",
        "        rounded_values[-1] += difference\n",
        "\n",
        "    result.extend(rounded_values)\n",
        "\n",
        "    return result"
      ]
    },
    {
      "cell_type": "code",
      "execution_count": null,
      "metadata": {
        "colab": {
          "base_uri": "https://localhost:8080/"
        },
        "id": "tvrYmfYBhmHA",
        "outputId": "f158b8f0-18af-4633-9f8b-b18f55459abf"
      },
      "outputs": [
        {
          "output_type": "stream",
          "name": "stdout",
          "text": [
            "Cost matrix:\n",
            "[0, 324, 181, 281, 241, 204, 411, 248, 65, 167, 206, 204, 296, 218, 314, 264, 224, 268, 327, 101, 362, 360, 365, 326, 59, 245, 134, 287, 247, 300, 308, 329, 290, 210, 316, 277, 164, 171, 395, 353, 247, 292, 382, 290, 280, 350, 108, 417, 74, 214, 229, 231, 14, 143, 89, 187, 398, 122, 345, 171, 199, 289, 115, 284, 344, 386, 231, 187, 254, 186, 127, 291, 87, 271, 245, 218, 243, 165, 206, 178, 343, 231, 180, 81, 206, 81, 194, 190, 250, 321, 379, 126, 244, 221, 278, 235, 429, 80, 357, 198],\n",
            "[324, 0, 501, 362, 450, 526, 564, 88, 372, 416, 204, 450, 389, 538, 450, 565, 357, 235, 484, 342, 138, 390, 556, 8, 346, 564, 432, 459, 553, 179, 36, 653, 235, 463, 640, 107, 162, 254, 118, 678, 570, 347, 437, 459, 447, 665, 374, 589, 259, 219, 545, 483, 333, 442, 235, 451, 586, 325, 605, 469, 519, 158, 441, 585, 265, 552, 380, 362, 463, 314, 229, 124, 309, 578, 130, 399, 565, 394, 357, 293, 277, 528, 345, 345, 164, 400, 479, 252, 451, 12, 140, 220, 412, 371, 580, 559, 753, 246, 51, 162],\n",
            "[181, 501, 0, 348, 229, 85, 384, 422, 157, 165, 352, 239, 349, 39, 393, 114, 338, 396, 388, 223, 541, 482, 318, 504, 161, 120, 151, 351, 163, 473, 483, 165, 453, 234, 140, 455, 344, 332, 576, 182, 68, 369, 488, 290, 350, 173, 198, 374, 252, 352, 60, 247, 171, 91, 268, 213, 346, 254, 233, 152, 20, 442, 73, 129, 503, 355, 277, 242, 231, 320, 285, 451, 236, 174, 424, 304, 103, 189, 319, 322, 499, 176, 297, 202, 385, 103, 113, 349, 306, 500, 557, 304, 268, 326, 124, 81, 250, 260, 531, 361],\n",
            "[281, 362, 348, 0, 147, 422, 202, 282, 341, 184, 165, 484, 27, 363, 588, 330, 490, 131, 605, 379, 479, 607, 206, 368, 234, 463, 403, 566, 491, 463, 326, 507, 488, 488, 471, 399, 297, 403, 476, 515, 403, 26, 640, 117, 558, 441, 389, 229, 300, 147, 350, 509, 273, 257, 266, 465, 233, 394, 302, 434, 351, 213, 337, 347, 542, 194, 73, 108, 155, 444, 200, 244, 356, 509, 386, 495, 450, 159, 476, 429, 547, 487, 450, 362, 373, 282, 250, 419, 532, 368, 488, 327, 93, 491, 343, 429, 560, 282, 355, 215],\n",
            "[241, 450, 229, 147, 0, 312, 172, 363, 281, 79, 249, 419, 137, 233, 551, 185, 465, 252, 559, 340, 543, 600, 124, 455, 182, 349, 327, 519, 387, 505, 419, 374, 513, 420, 334, 455, 336, 404, 556, 378, 272, 173, 624, 61, 513, 295, 337, 175, 294, 237, 215, 438, 227, 147, 275, 396, 158, 364, 162, 349, 225, 327, 244, 200, 568, 145, 82, 88, 14, 426, 234, 351, 328, 401, 433, 454, 332, 77, 448, 417, 569, 392, 421, 318, 405, 200, 117, 422, 478, 453, 555, 338, 54, 461, 198, 308, 416, 284, 457, 288],\n",
            "[204, 526, 85, 422, 312, 0, 469, 453, 155, 243, 401, 180, 426, 101, 336, 189, 299, 454, 324, 206, 543, 438, 403, 527, 209, 43, 112, 291, 78, 467, 512, 129, 436, 171, 131, 463, 364, 320, 584, 158, 90, 441, 438, 373, 292, 206, 174, 459, 267, 405, 130, 179, 200, 168, 293, 155, 430, 235, 312, 93, 95, 488, 93, 197, 482, 440, 353, 315, 316, 293, 327, 494, 229, 90, 430, 256, 39, 264, 282, 301, 476, 95, 264, 192, 389, 148, 198, 335, 246, 522, 560, 312, 347, 285, 194, 43, 242, 280, 561, 401],\n",
            "[411, 564, 384, 202, 172, 469, 0, 482, 453, 250, 363, 590, 176, 378, 722, 304, 634, 334, 730, 509, 676, 767, 71, 570, 352, 501, 497, 691, 547, 652, 529, 505, 668, 590, 459, 593, 480, 566, 678, 500, 412, 221, 792, 122, 685, 391, 508, 36, 457, 346, 353, 609, 398, 313, 430, 566, 62, 533, 206, 517, 377, 415, 412, 311, 723, 28, 197, 234, 162, 594, 378, 447, 497, 558, 575, 625, 482, 246, 618, 584, 726, 556, 591, 488, 556, 371, 271, 584, 650, 570, 686, 496, 172, 631, 311, 457, 514, 443, 557, 412],\n",
            "[248, 88, 422, 282, 363, 453, 482, 0, 302, 328, 119, 399, 309, 455, 428, 479, 327, 163, 459, 283, 198, 393, 470, 93, 262, 492, 366, 428, 487, 202, 62, 577, 245, 411, 560, 127, 99, 220, 197, 600, 490, 270, 436, 374, 416, 581, 314, 505, 191, 136, 461, 432, 254, 357, 160, 395, 501, 273, 517, 404, 437, 103, 364, 499, 289, 469, 294, 274, 376, 280, 142, 76, 250, 512, 127, 362, 491, 306, 323, 259, 298, 465, 306, 282, 140, 319, 392, 225, 413, 91, 206, 163, 326, 338, 494, 483, 672, 174, 109, 75],\n",
            "[65, 372, 157, 341, 281, 155, 453, 302, 0, 202, 271, 143, 353, 196, 271, 260, 193, 333, 277, 68, 390, 336, 401, 372, 108, 192, 69, 238, 186, 318, 360, 284, 296, 148, 278, 310, 210, 175, 430, 312, 216, 353, 351, 336, 231, 329, 55, 455, 112, 279, 215, 170, 69, 155, 143, 124, 433, 99, 359, 107, 177, 352, 84, 278, 346, 426, 285, 240, 292, 167, 190, 351, 79, 210, 276, 173, 194, 209, 175, 167, 343, 167, 149, 47, 235, 86, 209, 192, 198, 367, 407, 157, 294, 186, 272, 192, 392, 127, 408, 258],\n",
            "[167, 416, 165, 184, 79, 243, 250, 328, 202, 0, 227, 340, 184, 179, 473, 161, 389, 252, 480, 263, 493, 527, 199, 420, 108, 283, 249, 441, 316, 447, 389, 323, 448, 341, 288, 405, 283, 334, 513, 333, 220, 206, 548, 137, 434, 272, 258, 252, 225, 221, 168, 361, 153, 75, 214, 317, 231, 288, 193, 272, 167, 315, 168, 180, 503, 224, 112, 82, 89, 352, 189, 334, 254, 332, 379, 376, 267, 28, 371, 345, 504, 318, 344, 241, 348, 122, 72, 353, 399, 418, 507, 274, 105, 384, 176, 246, 383, 219, 430, 256],\n",
            "[206, 204, 352, 165, 249, 401, 363, 119, 271, 227, 0, 399, 191, 382, 469, 386, 366, 70, 493, 281, 314, 463, 352, 210, 194, 444, 340, 457, 451, 302, 171, 515, 332, 407, 491, 235, 143, 265, 316, 534, 419, 156, 501, 254, 446, 495, 303, 386, 185, 18, 381, 430, 206, 273, 143, 387, 383, 284, 408, 377, 364, 90, 309, 407, 383, 350, 176, 162, 263, 317, 81, 106, 250, 476, 223, 385, 438, 202, 356, 298, 389, 438, 332, 270, 216, 254, 297, 278, 430, 209, 324, 190, 208, 372, 401, 424, 598, 163, 208, 51],\n",
            "[204, 450, 239, 484, 419, 180, 590, 399, 143, 340, 399, 0, 497, 271, 156, 354, 134, 465, 149, 119, 424, 262, 533, 448, 250, 189, 94, 112, 143, 339, 449, 288, 294, 14, 305, 362, 300, 200, 475, 321, 269, 495, 258, 476, 112, 387, 97, 588, 217, 409, 297, 33, 211, 280, 257, 26, 564, 126, 470, 89, 257, 470, 183, 367, 329, 562, 428, 384, 428, 150, 318, 462, 152, 164, 330, 83, 206, 350, 120, 167, 321, 108, 114, 128, 290, 219, 330, 209, 68, 443, 442, 236, 436, 117, 362, 221, 407, 237, 495, 375],\n",
            "[296, 389, 349, 27, 137, 426, 176, 309, 353, 184, 191, 497, 0, 361, 606, 322, 509, 158, 622, 395, 505, 629, 184, 395, 246, 467, 413, 583, 496, 488, 353, 505, 513, 501, 467, 425, 321, 424, 504, 511, 401, 47, 660, 97, 574, 432, 404, 204, 320, 174, 346, 522, 287, 259, 287, 476, 208, 411, 285, 443, 351, 239, 344, 338, 566, 168, 73, 114, 143, 463, 224, 271, 374, 514, 411, 512, 451, 162, 495, 449, 571, 495, 468, 377, 397, 290, 246, 441, 547, 395, 514, 349, 85, 509, 335, 430, 552, 303, 381, 241],\n",
            "[218, 538, 39, 363, 233, 101, 378, 455, 196, 179, 382, 271, 361, 0, 426, 88, 375, 422, 418, 261, 579, 518, 310, 540, 194, 126, 186, 383, 177, 512, 518, 144, 492, 264, 111, 495, 381, 371, 614, 155, 41, 385, 524, 293, 382, 134, 236, 364, 291, 380, 28, 275, 208, 111, 305, 244, 335, 292, 211, 182, 20, 472, 112, 97, 542, 349, 290, 260, 234, 358, 318, 483, 275, 184, 463, 339, 105, 204, 356, 361, 538, 196, 334, 242, 423, 139, 115, 388, 338, 536, 596, 342, 277, 363, 93, 79, 217, 298, 565, 393],\n",
            "[314, 450, 393, 588, 551, 336, 722, 428, 271, 473, 469, 156, 606, 426, 0, 509, 103, 538, 40, 213, 377, 128, 671, 445, 371, 341, 244, 47, 290, 292, 461, 436, 233, 165, 458, 346, 338, 209, 434, 470, 426, 594, 107, 603, 44, 543, 215, 725, 290, 483, 451, 161, 326, 423, 329, 183, 704, 195, 621, 245, 412, 519, 332, 522, 243, 696, 544, 500, 562, 152, 397, 501, 231, 306, 320, 97, 360, 476, 112, 172, 231, 256, 139, 234, 292, 356, 475, 202, 90, 440, 393, 280, 558, 98, 517, 377, 555, 310, 500, 430],\n",
            "[264, 565, 114, 330, 185, 189, 304, 479, 260, 161, 386, 354, 322, 88, 509, 0, 449, 413, 503, 328, 624, 593, 234, 568, 223, 212, 265, 467, 264, 564, 540, 200, 551, 349, 156, 536, 417, 430, 652, 198, 112, 354, 602, 239, 465, 112, 308, 286, 337, 381, 60, 361, 250, 125, 341, 328, 256, 359, 123, 267, 98, 475, 181, 21, 604, 276, 259, 240, 182, 426, 337, 492, 336, 269, 507, 418, 189, 188, 430, 426, 601, 284, 407, 307, 470, 184, 89, 449, 422, 565, 639, 389, 237, 438, 15, 163, 229, 339, 585, 409],\n",
            "[224, 357, 338, 490, 465, 299, 634, 327, 193, 389, 366, 134, 509, 375, 103, 449, 0, 434, 132, 127, 303, 144, 588, 353, 283, 317, 190, 103, 276, 216, 364, 418, 164, 148, 429, 256, 235, 108, 358, 451, 383, 495, 159, 514, 90, 501, 142, 640, 190, 381, 398, 158, 237, 348, 227, 152, 621, 101, 552, 208, 358, 417, 268, 465, 196, 610, 450, 407, 476, 49, 295, 400, 137, 298, 227, 54, 331, 389, 19, 69, 187, 242, 44, 149, 194, 279, 401, 104, 102, 347, 320, 177, 466, 18, 459, 342, 536, 209, 405, 328],\n",
            "[268, 235, 396, 131, 252, 454, 334, 163, 333, 252, 70, 465, 158, 422, 538, 413, 434, 0, 563, 348, 360, 531, 336, 242, 245, 497, 401, 526, 509, 360, 199, 561, 395, 473, 533, 288, 210, 334, 352, 576, 461, 112, 570, 241, 516, 525, 369, 361, 252, 56, 417, 496, 266, 311, 212, 451, 364, 353, 415, 438, 405, 82, 362, 433, 444, 326, 171, 175, 264, 387, 147, 113, 318, 532, 282, 454, 488, 225, 425, 368, 451, 498, 401, 337, 280, 306, 325, 346, 499, 242, 367, 259, 202, 441, 428, 473, 634, 231, 224, 113],\n",
            "[327, 484, 388, 605, 559, 324, 730, 459, 277, 480, 493, 149, 622, 418, 40, 503, 132, 563, 0, 225, 416, 164, 676, 480, 382, 324, 241, 40, 270, 330, 495, 416, 272, 154, 441, 382, 367, 240, 473, 450, 413, 613, 137, 613, 47, 529, 223, 731, 311, 507, 445, 145, 337, 425, 351, 175, 708, 213, 618, 236, 405, 548, 331, 515, 283, 704, 557, 513, 569, 180, 419, 532, 250, 284, 355, 110, 344, 486, 138, 200, 270, 238, 161, 245, 325, 360, 476, 235, 82, 475, 432, 306, 569, 122, 511, 363, 533, 332, 535, 458],\n",
            "[101, 342, 223, 379, 340, 206, 509, 283, 68, 263, 281, 119, 395, 261, 213, 328, 127, 348, 225, 0, 339, 269, 462, 340, 158, 236, 96, 187, 214, 261, 336, 334, 233, 129, 335, 265, 185, 113, 383, 364, 277, 388, 286, 391, 179, 394, 34, 515, 98, 292, 281, 151, 112, 222, 139, 112, 495, 31, 426, 130, 243, 351, 150, 346, 281, 484, 331, 287, 351, 98, 200, 344, 33, 239, 231, 117, 243, 264, 109, 100, 277, 187, 82, 22, 189, 153, 276, 130, 153, 335, 357, 122, 345, 121, 340, 246, 448, 119, 383, 256],\n",
            "[362, 138, 541, 479, 543, 543, 676, 198, 390, 493, 314, 424, 505, 579, 377, 624, 303, 360, 416, 339, 0, 288, 658, 130, 401, 575, 434, 399, 550, 87, 171, 672, 145, 438, 669, 88, 210, 227, 57, 701, 605, 467, 336, 563, 387, 713, 373, 697, 289, 331, 592, 454, 374, 500, 283, 433, 691, 313, 686, 468, 560, 290, 471, 644, 150, 661, 483, 455, 557, 275, 308, 257, 314, 575, 117, 355, 581, 476, 310, 258, 163, 520, 310, 351, 156, 444, 545, 216, 405, 127, 18, 237, 513, 320, 639, 582, 783, 285, 180, 264],\n",
            "[360, 390, 482, 607, 600, 438, 767, 393, 336, 527, 463, 262, 629, 518, 128, 593, 144, 531, 164, 269, 288, 0, 724, 384, 419, 451, 333, 171, 405, 213, 409, 550, 155, 274, 567, 284, 322, 204, 345, 584, 525, 608, 49, 645, 163, 644, 286, 776, 311, 480, 542, 276, 374, 491, 342, 285, 758, 240, 695, 346, 501, 494, 413, 609, 139, 744, 576, 535, 613, 174, 405, 469, 273, 423, 268, 182, 467, 524, 163, 183, 125, 370, 187, 291, 254, 422, 545, 188, 204, 378, 301, 280, 596, 155, 604, 480, 669, 327, 441, 418],\n",
            "[365, 556, 318, 206, 124, 403, 71, 470, 401, 199, 352, 533, 184, 310, 671, 234, 588, 336, 676, 462, 658, 724, 0, 562, 306, 434, 440, 637, 480, 626, 523, 434, 636, 532, 390, 572, 455, 528, 667, 430, 343, 229, 747, 97, 632, 321, 455, 56, 418, 337, 284, 550, 351, 252, 398, 508, 34, 486, 137, 457, 310, 417, 352, 240, 691, 43, 176, 202, 111, 550, 352, 446, 451, 491, 552, 574, 415, 200, 570, 541, 693, 493, 543, 440, 528, 316, 208, 546, 595, 561, 670, 461, 146, 583, 240, 389, 444, 407, 556, 397],\n",
            "[326, 8, 504, 368, 455, 527, 570, 93, 372, 420, 210, 448, 395, 540, 445, 568, 353, 242, 480, 340, 130, 384, 562, 0, 348, 564, 430, 455, 552, 172, 44, 654, 229, 461, 641, 101, 163, 250, 110, 679, 572, 354, 430, 465, 443, 668, 373, 595, 259, 225, 547, 480, 334, 445, 236, 449, 592, 323, 610, 468, 521, 166, 442, 589, 258, 558, 386, 367, 469, 311, 231, 132, 308, 577, 125, 396, 565, 398, 353, 290, 270, 527, 342, 344, 160, 401, 482, 249, 448, 5, 132, 219, 417, 367, 583, 560, 754, 247, 56, 167],\n",
            "[59, 346, 161, 234, 182, 209, 352, 262, 108, 108, 194, 250, 246, 194, 371, 223, 283, 245, 382, 158, 401, 419, 306, 348, 0, 252, 169, 342, 266, 347, 324, 323, 343, 254, 301, 314, 194, 227, 429, 342, 229, 248, 441, 231, 335, 319, 160, 358, 121, 196, 199, 276, 46, 98, 119, 231, 339, 181, 291, 200, 176, 282, 117, 243, 398, 327, 177, 133, 194, 245, 124, 291, 146, 288, 285, 274, 244, 106, 266, 237, 398, 258, 239, 137, 250, 62, 144, 246, 304, 345, 417, 172, 188, 279, 238, 231, 411, 118, 371, 200],\n",
            "[245, 564, 120, 463, 349, 43, 501, 492, 192, 283, 444, 189, 467, 126, 341, 212, 317, 497, 324, 236, 575, 451, 434, 564, 252, 0, 140, 295, 56, 496, 551, 101, 462, 178, 117, 498, 401, 349, 618, 134, 102, 483, 446, 409, 297, 206, 202, 490, 305, 448, 154, 181, 241, 208, 333, 166, 461, 263, 335, 111, 126, 531, 135, 216, 505, 473, 393, 356, 353, 317, 368, 535, 262, 56, 465, 270, 23, 305, 300, 327, 499, 87, 286, 225, 423, 191, 234, 364, 252, 559, 592, 348, 387, 301, 213, 48, 219, 319, 600, 442],\n",
            "[134, 432, 151, 403, 327, 112, 497, 366, 69, 249, 340, 94, 413, 186, 244, 265, 190, 401, 241, 96, 434, 333, 440, 430, 169, 140, 0, 202, 121, 357, 423, 239, 324, 93, 243, 360, 271, 210, 479, 270, 193, 417, 338, 385, 200, 312, 63, 495, 175, 348, 210, 112, 136, 186, 210, 69, 471, 124, 378, 38, 170, 420, 90, 279, 370, 470, 342, 299, 336, 181, 259, 418, 124, 146, 326, 153, 148, 260, 172, 189, 364, 99, 153, 87, 285, 127, 236, 224, 159, 426, 453, 213, 347, 178, 275, 154, 354, 192, 471, 327],\n",
            "[287, 459, 351, 566, 519, 291, 691, 428, 238, 441, 457, 112, 583, 383, 47, 467, 103, 526, 40, 187, 399, 171, 637, 455, 342, 295, 202, 0, 243, 312, 466, 389, 254, 120, 412, 358, 334, 209, 455, 423, 381, 574, 154, 573, 12, 498, 183, 692, 274, 470, 409, 113, 298, 387, 314, 139, 669, 175, 581, 200, 370, 514, 293, 480, 274, 664, 518, 474, 530, 148, 381, 499, 211, 259, 330, 72, 314, 446, 105, 169, 263, 209, 125, 206, 297, 321, 438, 206, 45, 450, 416, 272, 530, 90, 475, 331, 508, 294, 508, 423],\n",
            "[247, 553, 163, 491, 387, 78, 547, 487, 186, 316, 451, 143, 496, 177, 290, 264, 276, 509, 270, 214, 550, 405, 480, 552, 266, 56, 121, 243, 0, 469, 544, 147, 430, 131, 171, 479, 392, 323, 597, 180, 157, 508, 396, 448, 247, 264, 180, 536, 296, 458, 204, 129, 246, 241, 329, 124, 508, 237, 388, 84, 172, 536, 153, 270, 469, 518, 423, 383, 392, 283, 373, 536, 244, 25, 445, 225, 79, 335, 261, 296, 462, 35, 250, 208, 403, 210, 276, 335, 200, 547, 568, 333, 420, 260, 267, 103, 265, 313, 592, 444],\n",
            "[300, 179, 473, 463, 505, 467, 652, 202, 318, 447, 302, 339, 488, 512, 292, 564, 216, 360, 330, 261, 87, 213, 626, 172, 347, 496, 357, 312, 469, 0, 202, 595, 61, 353, 595, 77, 171, 147, 143, 625, 534, 457, 261, 534, 300, 646, 294, 669, 227, 320, 527, 368, 313, 442, 233, 349, 659, 233, 638, 388, 492, 304, 401, 584, 89, 634, 455, 423, 519, 189, 274, 274, 239, 493, 78, 268, 504, 433, 224, 173, 99, 437, 224, 275, 99, 381, 491, 133, 318, 167, 104, 176, 483, 233, 578, 507, 708, 229, 229, 250],\n",
            "[308, 36, 483, 326, 419, 512, 529, 62, 360, 389, 171, 449, 353, 518, 461, 540, 364, 199, 495, 336, 171, 409, 523, 44, 324, 551, 423, 466, 544, 202, 0, 638, 256, 461, 622, 127, 152, 258, 154, 661, 551, 311, 455, 426, 454, 643, 368, 554, 248, 185, 524, 480, 315, 419, 219, 447, 553, 322, 576, 461, 499, 122, 425, 561, 291, 518, 347, 331, 433, 319, 204, 88, 303, 569, 143, 403, 551, 366, 362, 298, 301, 520, 348, 337, 170, 381, 453, 260, 455, 45, 175, 214, 379, 377, 556, 544, 734, 233, 49, 133],\n",
            "[329, 653, 165, 507, 374, 129, 505, 577, 284, 323, 515, 288, 505, 144, 436, 200, 418, 561, 416, 334, 672, 550, 434, 654, 323, 101, 239, 389, 147, 595, 638, 0, 563, 276, 47, 594, 491, 448, 714, 34, 103, 529, 543, 433, 393, 144, 301, 486, 395, 516, 159, 276, 322, 252, 418, 266, 455, 362, 314, 212, 156, 605, 213, 196, 607, 476, 434, 403, 374, 418, 445, 613, 359, 132, 560, 370, 91, 349, 401, 426, 600, 181, 387, 321, 519, 261, 259, 463, 348, 649, 690, 441, 420, 401, 195, 94, 119, 407, 686, 521],\n",
            "[290, 235, 453, 488, 513, 436, 668, 245, 296, 448, 332, 294, 513, 492, 233, 551, 164, 395, 272, 233, 145, 155, 636, 229, 343, 462, 324, 254, 430, 61, 256, 563, 0, 307, 567, 129, 192, 121, 202, 594, 509, 484, 202, 547, 243, 625, 263, 682, 222, 350, 509, 321, 304, 433, 238, 307, 670, 202, 634, 352, 473, 348, 380, 570, 55, 648, 471, 434, 526, 147, 291, 321, 217, 453, 118, 218, 472, 438, 175, 135, 57, 397, 180, 250, 117, 368, 484, 103, 265, 224, 161, 175, 496, 182, 565, 478, 679, 229, 286, 283],\n",
            "[210, 463, 234, 488, 420, 171, 590, 411, 148, 341, 407, 14, 501, 264, 165, 349, 148, 473, 154, 129, 438, 274, 532, 461, 254, 178, 93, 120, 131, 353, 461, 276, 307, 0, 295, 375, 312, 214, 488, 310, 261, 501, 268, 476, 121, 378, 104, 588, 227, 418, 291, 23, 216, 279, 267, 24, 563, 138, 466, 82, 250, 480, 181, 361, 343, 563, 430, 387, 429, 163, 327, 472, 162, 151, 343, 95, 196, 352, 134, 180, 334, 96, 129, 137, 303, 220, 328, 222, 75, 455, 455, 248, 438, 131, 356, 212, 396, 247, 507, 385],\n",
            "[316, 640, 140, 471, 334, 131, 459, 560, 278, 288, 491, 305, 467, 111, 458, 156, 429, 533, 441, 335, 669, 567, 390, 641, 301, 117, 243, 412, 171, 595, 622, 47, 567, 295, 0, 587, 479, 449, 707, 45, 72, 493, 563, 392, 413, 100, 304, 440, 385, 491, 121, 297, 307, 222, 405, 281, 409, 365, 267, 222, 127, 581, 200, 150, 613, 432, 398, 370, 333, 424, 425, 591, 356, 162, 554, 384, 99, 315, 412, 432, 607, 202, 395, 320, 513, 242, 221, 465, 369, 637, 686, 434, 382, 415, 149, 89, 113, 395, 670, 500],\n",
            "[277, 107, 455, 399, 455, 463, 593, 127, 310, 405, 235, 362, 425, 495, 346, 536, 256, 288, 382, 265, 88, 284, 572, 101, 314, 498, 360, 358, 479, 77, 127, 594, 129, 375, 587, 0, 122, 161, 120, 621, 521, 390, 331, 478, 345, 627, 299, 612, 202, 252, 507, 394, 288, 412, 195, 367, 605, 242, 598, 395, 475, 227, 388, 557, 165, 577, 398, 370, 469, 218, 221, 198, 236, 504, 34, 303, 503, 388, 259, 198, 175, 450, 250, 274, 75, 358, 457, 156, 355, 96, 103, 154, 426, 271, 551, 501, 701, 198, 158, 184],\n",
            "[164, 162, 344, 297, 336, 364, 480, 99, 210, 283, 143, 300, 321, 381, 338, 417, 235, 210, 367, 185, 210, 322, 455, 163, 194, 401, 271, 334, 392, 171, 152, 491, 192, 312, 479, 122, 0, 129, 235, 517, 411, 293, 361, 363, 322, 511, 216, 498, 97, 160, 391, 333, 173, 292, 76, 297, 488, 174, 476, 309, 361, 182, 280, 437, 245, 463, 284, 252, 350, 187, 103, 166, 152, 417, 97, 265, 403, 267, 229, 166, 250, 368, 210, 185, 76, 242, 336, 138, 316, 158, 225, 65, 312, 244, 432, 398, 593, 85, 200, 97],\n",
            "[171, 254, 332, 403, 404, 320, 566, 220, 175, 334, 265, 200, 424, 371, 209, 430, 108, 334, 240, 113, 227, 204, 528, 250, 227, 349, 210, 209, 323, 147, 258, 448, 121, 214, 449, 161, 129, 0, 275, 479, 390, 404, 238, 445, 197, 504, 147, 577, 110, 281, 388, 231, 186, 314, 138, 206, 562, 86, 516, 241, 351, 310, 259, 449, 174, 544, 373, 333, 417, 61, 202, 292, 96, 348, 129, 145, 357, 327, 104, 39, 172, 293, 91, 130, 91, 247, 366, 19, 198, 246, 245, 77, 395, 119, 443, 361, 562, 123, 302, 224],\n",
            "[395, 118, 576, 476, 556, 584, 678, 197, 430, 513, 316, 475, 504, 614, 434, 652, 358, 352, 473, 383, 57, 345, 667, 110, 429, 618, 479, 455, 597, 143, 154, 714, 202, 488, 707, 120, 235, 275, 0, 741, 641, 463, 394, 570, 443, 745, 417, 702, 323, 332, 625, 505, 405, 527, 311, 482, 698, 359, 705, 514, 594, 276, 508, 672, 206, 665, 490, 468, 570, 327, 325, 242, 356, 622, 153, 409, 623, 493, 364, 308, 220, 567, 361, 393, 195, 476, 570, 266, 459, 110, 45, 273, 521, 374, 667, 622, 821, 316, 147, 270],\n",
            "[353, 678, 182, 515, 378, 158, 500, 600, 312, 333, 534, 321, 511, 155, 470, 198, 451, 576, 450, 364, 701, 584, 430, 679, 342, 134, 270, 423, 180, 625, 661, 34, 594, 310, 45, 621, 517, 479, 741, 0, 114, 538, 577, 434, 426, 123, 332, 479, 421, 534, 165, 310, 346, 266, 443, 299, 448, 393, 303, 244, 170, 624, 237, 190, 638, 472, 443, 413, 377, 449, 466, 633, 388, 165, 588, 403, 122, 359, 434, 459, 632, 215, 419, 351, 547, 282, 265, 494, 382, 675, 718, 468, 426, 434, 190, 120, 86, 432, 709, 542],\n",
            "[247, 570, 68, 403, 272, 90, 412, 490, 216, 220, 419, 269, 401, 41, 426, 112, 383, 461, 413, 277, 605, 525, 343, 572, 229, 102, 193, 381, 157, 534, 551, 103, 509, 261, 72, 521, 411, 390, 641, 114, 0, 425, 526, 332, 381, 119, 249, 396, 318, 418, 59, 269, 238, 151, 335, 243, 366, 308, 234, 181, 55, 509, 134, 114, 558, 383, 331, 300, 273, 371, 353, 519, 295, 159, 488, 343, 79, 246, 365, 377, 554, 182, 345, 260, 449, 171, 156, 407, 336, 568, 621, 368, 317, 370, 112, 54, 183, 326, 599, 429],\n",
            "[292, 347, 369, 26, 173, 441, 221, 270, 353, 206, 156, 495, 47, 385, 594, 354, 495, 112, 613, 388, 467, 608, 229, 354, 248, 483, 417, 574, 508, 457, 311, 529, 484, 501, 493, 390, 293, 404, 463, 538, 425, 0, 642, 142, 565, 466, 400, 250, 305, 138, 373, 523, 284, 278, 268, 476, 254, 400, 327, 449, 373, 195, 355, 371, 537, 215, 96, 127, 181, 448, 202, 227, 363, 528, 379, 503, 470, 180, 482, 432, 543, 504, 455, 371, 368, 299, 273, 420, 541, 354, 476, 328, 119, 497, 368, 449, 584, 286, 337, 206],\n",
            "[382, 437, 488, 640, 624, 438, 792, 436, 351, 548, 501, 258, 660, 524, 107, 602, 159, 570, 137, 286, 336, 49, 747, 430, 441, 446, 338, 154, 396, 261, 455, 543, 202, 268, 563, 331, 361, 238, 394, 577, 526, 642, 0, 671, 150, 645, 298, 799, 341, 518, 549, 267, 395, 507, 374, 283, 780, 260, 709, 346, 508, 536, 422, 617, 187, 768, 605, 562, 636, 198, 440, 513, 295, 413, 314, 185, 463, 547, 177, 211, 174, 362, 204, 308, 297, 438, 560, 224, 195, 426, 350, 315, 623, 166, 612, 480, 662, 358, 488, 457],\n",
            "[290, 459, 290, 117, 61, 373, 122, 374, 336, 137, 254, 476, 97, 293, 603, 239, 514, 241, 613, 391, 563, 645, 97, 465, 231, 409, 385, 573, 448, 534, 426, 433, 547, 476, 392, 478, 363, 445, 570, 434, 332, 142, 671, 0, 567, 345, 390, 135, 335, 240, 274, 497, 278, 208, 310, 453, 128, 412, 188, 409, 287, 321, 304, 252, 602, 100, 80, 112, 59, 473, 260, 350, 376, 463, 458, 505, 393, 127, 497, 462, 605, 453, 470, 370, 437, 258, 178, 463, 534, 463, 574, 374, 51, 511, 250, 369, 467, 322, 459, 301],\n",
            "[280, 447, 350, 558, 513, 292, 685, 416, 231, 434, 446, 112, 574, 382, 44, 465, 90, 516, 47, 179, 387, 163, 632, 443, 335, 297, 200, 12, 247, 300, 454, 393, 243, 121, 413, 345, 322, 197, 443, 426, 381, 565, 150, 567, 0, 499, 177, 687, 264, 459, 409, 117, 291, 382, 304, 138, 664, 165, 578, 200, 368, 503, 290, 478, 263, 659, 509, 466, 524, 136, 372, 488, 202, 263, 317, 63, 316, 440, 93, 158, 252, 212, 113, 198, 285, 316, 434, 194, 46, 437, 403, 261, 523, 78, 474, 333, 512, 285, 496, 412],\n",
            "[350, 665, 173, 441, 295, 206, 391, 581, 329, 272, 495, 387, 432, 134, 543, 112, 501, 525, 529, 394, 713, 644, 321, 668, 319, 206, 312, 498, 264, 646, 643, 144, 625, 378, 100, 627, 511, 504, 745, 123, 119, 466, 645, 345, 499, 0, 366, 367, 424, 491, 121, 384, 339, 225, 434, 362, 335, 425, 187, 299, 153, 584, 245, 94, 675, 364, 370, 352, 290, 488, 438, 600, 409, 258, 596, 462, 186, 299, 484, 493, 671, 293, 463, 375, 557, 270, 200, 522, 453, 664, 729, 475, 348, 488, 98, 166, 124, 429, 689, 514],\n",
            "[108, 374, 198, 389, 337, 174, 508, 314, 55, 258, 303, 97, 404, 236, 215, 308, 142, 369, 223, 34, 373, 286, 455, 373, 160, 202, 63, 183, 180, 294, 368, 301, 263, 104, 304, 299, 216, 147, 417, 332, 249, 400, 298, 390, 177, 366, 0, 509, 125, 313, 258, 127, 117, 209, 164, 84, 488, 61, 411, 96, 218, 377, 127, 324, 310, 482, 337, 292, 347, 123, 222, 372, 65, 204, 265, 118, 210, 263, 123, 128, 305, 153, 99, 33, 223, 141, 262, 162, 144, 368, 390, 155, 347, 132, 319, 215, 416, 145, 416, 282],\n",
            "[417, 589, 374, 229, 175, 459, 36, 505, 455, 252, 386, 588, 204, 364, 725, 286, 640, 361, 731, 515, 697, 776, 56, 595, 358, 490, 495, 692, 536, 669, 554, 486, 682, 588, 440, 612, 498, 577, 702, 479, 396, 250, 799, 135, 687, 367, 509, 0, 467, 370, 338, 606, 404, 309, 444, 564, 32, 539, 179, 513, 365, 443, 408, 291, 737, 36, 215, 247, 163, 602, 395, 474, 504, 546, 594, 628, 469, 252, 623, 592, 740, 548, 596, 493, 572, 371, 263, 595, 650, 594, 708, 508, 187, 636, 291, 443, 488, 455, 584, 433],\n",
            "[74, 259, 252, 300, 294, 267, 457, 191, 112, 225, 185, 217, 320, 291, 290, 337, 190, 252, 311, 98, 289, 311, 418, 259, 121, 305, 175, 274, 296, 227, 248, 395, 222, 227, 385, 202, 97, 110, 323, 421, 318, 305, 341, 335, 264, 424, 125, 467, 0, 197, 304, 249, 86, 215, 41, 209, 451, 100, 413, 213, 272, 252, 185, 357, 277, 434, 265, 224, 307, 144, 108, 247, 66, 321, 172, 202, 306, 218, 177, 129, 277, 274, 151, 92, 133, 155, 264, 128, 246, 254, 305, 52, 285, 193, 352, 302, 499, 21, 296, 158],\n",
            "[214, 219, 352, 147, 237, 405, 346, 136, 279, 221, 18, 409, 174, 380, 483, 381, 381, 56, 507, 292, 331, 480, 337, 225, 196, 448, 348, 470, 458, 320, 185, 516, 350, 418, 491, 252, 160, 281, 332, 534, 418, 138, 518, 240, 459, 491, 313, 370, 197, 0, 378, 440, 213, 271, 156, 397, 368, 297, 398, 385, 363, 94, 312, 401, 401, 334, 162, 152, 250, 332, 91, 113, 262, 480, 242, 399, 440, 195, 370, 314, 407, 445, 346, 281, 234, 257, 292, 294, 443, 224, 341, 204, 195, 386, 396, 426, 596, 176, 220, 69],\n",
            "[229, 545, 60, 350, 215, 130, 353, 461, 215, 168, 381, 297, 346, 28, 451, 60, 398, 417, 445, 281, 592, 542, 284, 547, 199, 154, 210, 409, 204, 527, 524, 159, 509, 291, 121, 507, 391, 388, 625, 165, 59, 373, 549, 274, 409, 121, 258, 338, 304, 378, 0, 303, 218, 108, 314, 271, 308, 313, 183, 209, 41, 471, 131, 70, 561, 324, 277, 250, 215, 379, 321, 484, 293, 211, 475, 364, 132, 195, 379, 381, 558, 224, 357, 261, 437, 149, 100, 405, 365, 544, 609, 355, 262, 386, 65, 106, 218, 308, 570, 396],\n",
            "[231, 483, 247, 509, 438, 179, 609, 432, 170, 361, 430, 33, 522, 275, 161, 361, 158, 496, 145, 151, 454, 276, 550, 480, 276, 181, 112, 113, 129, 368, 480, 276, 321, 23, 297, 394, 333, 231, 505, 310, 269, 523, 267, 497, 117, 384, 127, 606, 249, 440, 303, 0, 238, 297, 289, 45, 581, 159, 480, 95, 264, 501, 198, 372, 354, 581, 451, 408, 448, 179, 349, 494, 184, 147, 361, 105, 200, 372, 146, 197, 344, 95, 144, 159, 322, 239, 344, 239, 72, 475, 471, 269, 459, 141, 368, 218, 395, 269, 528, 407],\n",
            "[14, 333, 171, 273, 227, 200, 398, 254, 69, 153, 206, 211, 287, 208, 326, 250, 237, 266, 337, 112, 374, 374, 351, 334, 46, 241, 136, 298, 246, 313, 315, 322, 304, 216, 307, 288, 173, 186, 405, 346, 238, 284, 395, 278, 291, 339, 117, 404, 86, 213, 218, 238, 0, 129, 98, 193, 385, 135, 331, 172, 188, 291, 109, 271, 358, 373, 220, 176, 240, 199, 128, 294, 101, 269, 257, 229, 238, 152, 220, 192, 357, 231, 193, 92, 219, 70, 180, 204, 260, 330, 390, 138, 231, 233, 265, 229, 420, 90, 364, 200],\n",
            "[143, 442, 91, 257, 147, 168, 313, 357, 155, 75, 273, 280, 259, 111, 423, 125, 348, 311, 425, 222, 500, 491, 252, 445, 98, 208, 186, 387, 241, 442, 419, 252, 433, 279, 222, 412, 292, 314, 527, 266, 151, 278, 507, 208, 382, 225, 209, 309, 215, 271, 108, 297, 129, 0, 217, 254, 284, 250, 204, 204, 96, 363, 99, 145, 487, 285, 186, 151, 153, 319, 215, 376, 222, 257, 383, 327, 193, 98, 330, 315, 486, 246, 304, 200, 347, 69, 54, 332, 343, 441, 515, 267, 179, 341, 140, 171, 325, 215, 465, 289],\n",
            "[89, 235, 268, 266, 275, 293, 430, 160, 143, 214, 143, 257, 287, 305, 329, 341, 227, 212, 351, 139, 283, 342, 398, 236, 119, 333, 210, 314, 329, 233, 219, 418, 238, 267, 405, 195, 76, 138, 311, 443, 335, 268, 374, 310, 304, 434, 164, 444, 41, 156, 314, 289, 98, 217, 0, 248, 430, 140, 405, 248, 285, 214, 206, 362, 293, 409, 236, 198, 289, 180, 68, 209, 107, 353, 167, 242, 332, 200, 216, 164, 295, 309, 191, 131, 134, 166, 262, 155, 287, 231, 299, 64, 259, 231, 356, 325, 518, 20, 268, 119],\n",
            "[187, 451, 213, 465, 396, 155, 566, 395, 124, 317, 387, 26, 476, 244, 183, 328, 152, 451, 175, 112, 433, 285, 508, 449, 231, 166, 69, 139, 124, 349, 447, 266, 307, 24, 281, 367, 297, 206, 482, 299, 243, 476, 283, 453, 138, 362, 84, 564, 209, 397, 271, 45, 193, 254, 248, 0, 539, 126, 444, 63, 231, 461, 158, 341, 345, 538, 407, 363, 405, 161, 306, 455, 145, 147, 334, 104, 182, 327, 136, 175, 337, 90, 126, 117, 293, 195, 304, 216, 94, 444, 450, 233, 413, 136, 336, 197, 385, 229, 494, 366],\n",
            "[398, 586, 346, 233, 158, 430, 62, 501, 433, 231, 383, 564, 208, 335, 704, 256, 621, 364, 708, 495, 691, 758, 34, 592, 339, 461, 471, 669, 508, 659, 553, 455, 670, 563, 409, 605, 488, 562, 698, 448, 366, 254, 780, 128, 664, 335, 488, 32, 451, 368, 308, 581, 385, 284, 430, 539, 0, 520, 148, 487, 336, 445, 382, 260, 725, 45, 208, 236, 145, 584, 386, 475, 484, 517, 585, 607, 440, 235, 604, 575, 727, 521, 577, 473, 561, 348, 237, 580, 627, 591, 702, 495, 178, 616, 260, 413, 455, 441, 585, 429],\n",
            "[122, 325, 254, 394, 364, 235, 533, 273, 99, 288, 284, 126, 411, 292, 195, 359, 101, 353, 213, 31, 313, 240, 486, 323, 181, 263, 124, 175, 237, 233, 322, 362, 202, 138, 365, 242, 174, 86, 359, 393, 308, 400, 260, 412, 165, 425, 61, 539, 100, 297, 313, 159, 135, 250, 140, 126, 520, 0, 455, 155, 274, 348, 181, 377, 250, 508, 350, 306, 376, 68, 206, 338, 37, 262, 209, 103, 272, 287, 85, 69, 246, 208, 57, 52, 168, 182, 305, 101, 147, 318, 331, 110, 365, 99, 371, 276, 476, 121, 369, 254],\n",
            "[345, 605, 233, 302, 162, 312, 206, 517, 359, 193, 408, 470, 285, 211, 621, 123, 552, 415, 618, 426, 686, 695, 137, 610, 291, 335, 378, 581, 388, 638, 576, 314, 634, 466, 267, 598, 476, 516, 705, 303, 234, 327, 709, 188, 578, 187, 411, 179, 413, 398, 183, 480, 331, 204, 405, 444, 148, 455, 0, 385, 218, 488, 289, 121, 689, 180, 244, 246, 150, 524, 381, 512, 426, 393, 571, 527, 313, 212, 534, 520, 688, 405, 508, 405, 540, 274, 151, 535, 536, 608, 700, 463, 213, 544, 123, 287, 309, 409, 616, 443],\n",
            "[171, 469, 152, 434, 349, 93, 517, 404, 107, 272, 377, 89, 443, 182, 245, 267, 208, 438, 236, 130, 468, 346, 457, 468, 200, 111, 38, 200, 84, 388, 461, 212, 352, 82, 222, 395, 309, 241, 514, 244, 181, 449, 346, 409, 200, 299, 96, 513, 213, 385, 209, 95, 172, 204, 248, 63, 487, 155, 385, 0, 169, 458, 106, 279, 395, 488, 371, 328, 357, 206, 297, 457, 160, 109, 362, 163, 123, 287, 190, 217, 388, 61, 175, 124, 320, 153, 250, 254, 156, 463, 486, 250, 374, 193, 274, 135, 329, 231, 509, 365],\n",
            "[199, 519, 20, 351, 225, 95, 377, 437, 177, 167, 364, 257, 351, 20, 412, 98, 358, 405, 405, 243, 560, 501, 310, 521, 176, 126, 170, 370, 172, 492, 499, 156, 473, 250, 127, 475, 361, 351, 594, 170, 55, 373, 508, 287, 368, 153, 218, 365, 272, 363, 41, 264, 188, 96, 285, 231, 336, 274, 218, 169, 0, 454, 93, 110, 523, 347, 279, 247, 229, 340, 299, 465, 256, 182, 443, 323, 106, 193, 339, 342, 519, 189, 317, 223, 404, 119, 109, 369, 324, 517, 576, 322, 268, 346, 105, 82, 235, 278, 547, 375],\n",
            "[289, 158, 442, 213, 327, 488, 415, 103, 352, 315, 90, 470, 239, 472, 519, 475, 417, 82, 548, 351, 290, 494, 417, 166, 282, 531, 420, 514, 536, 304, 122, 605, 348, 480, 581, 227, 182, 310, 276, 624, 509, 195, 536, 321, 503, 584, 377, 443, 252, 94, 471, 501, 291, 363, 214, 461, 445, 348, 488, 458, 454, 0, 396, 495, 392, 407, 248, 243, 339, 368, 163, 34, 318, 560, 229, 445, 526, 289, 409, 348, 400, 519, 390, 344, 239, 344, 386, 319, 494, 167, 295, 243, 280, 426, 490, 513, 688, 233, 142, 95],\n",
            "[115, 441, 73, 337, 244, 93, 412, 364, 84, 168, 309, 183, 344, 112, 332, 181, 268, 362, 331, 150, 471, 413, 352, 442, 117, 135, 90, 293, 153, 401, 425, 213, 380, 181, 200, 388, 280, 259, 508, 237, 134, 355, 422, 304, 290, 245, 127, 408, 185, 312, 131, 198, 109, 99, 206, 158, 382, 181, 289, 106, 93, 396, 0, 197, 430, 384, 271, 229, 250, 248, 234, 401, 163, 173, 355, 238, 129, 184, 250, 250, 426, 151, 225, 130, 315, 56, 147, 277, 248, 438, 488, 235, 271, 258, 192, 119, 314, 195, 473, 309],\n",
            "[284, 585, 129, 347, 200, 197, 311, 499, 278, 180, 407, 367, 338, 97, 522, 21, 465, 433, 515, 346, 644, 609, 240, 589, 243, 216, 279, 480, 270, 584, 561, 196, 570, 361, 150, 557, 437, 449, 672, 190, 114, 371, 617, 252, 478, 94, 324, 291, 357, 401, 70, 372, 271, 145, 362, 341, 260, 377, 121, 279, 110, 495, 197, 0, 622, 283, 276, 259, 196, 444, 357, 512, 354, 273, 527, 432, 194, 208, 447, 444, 620, 292, 423, 325, 490, 202, 109, 467, 434, 585, 660, 409, 254, 454, 6, 168, 215, 359, 606, 430],\n",
            "[344, 265, 503, 542, 568, 482, 723, 289, 346, 503, 383, 329, 566, 542, 243, 604, 196, 444, 283, 281, 150, 139, 691, 258, 398, 505, 370, 274, 469, 89, 291, 607, 55, 343, 613, 165, 245, 174, 206, 638, 558, 537, 187, 602, 263, 675, 310, 737, 277, 401, 561, 354, 358, 487, 293, 345, 725, 250, 689, 395, 523, 392, 430, 622, 0, 703, 526, 490, 582, 189, 345, 363, 269, 492, 162, 249, 517, 493, 209, 182, 13, 436, 220, 300, 169, 421, 539, 155, 292, 254, 162, 229, 551, 213, 617, 524, 724, 285, 314, 333],\n",
            "[386, 552, 355, 194, 145, 440, 28, 469, 426, 224, 350, 562, 168, 349, 696, 276, 610, 326, 704, 484, 661, 744, 43, 558, 327, 473, 470, 664, 518, 634, 518, 476, 648, 563, 432, 577, 463, 544, 665, 472, 383, 215, 768, 100, 659, 364, 482, 36, 434, 334, 324, 581, 373, 285, 409, 538, 45, 508, 180, 488, 347, 407, 384, 283, 703, 0, 179, 213, 135, 570, 360, 438, 473, 529, 558, 599, 453, 221, 593, 560, 705, 527, 566, 463, 537, 344, 242, 562, 623, 558, 672, 474, 152, 606, 282, 426, 487, 422, 548, 397],\n",
            "[231, 380, 277, 73, 82, 353, 197, 294, 285, 112, 176, 428, 73, 290, 544, 259, 450, 171, 557, 331, 483, 576, 176, 386, 177, 393, 342, 518, 423, 455, 347, 434, 471, 430, 398, 398, 284, 373, 490, 443, 331, 96, 605, 80, 509, 370, 337, 215, 265, 162, 277, 451, 220, 186, 236, 407, 208, 350, 244, 371, 279, 248, 271, 276, 526, 179, 0, 44, 93, 405, 182, 274, 313, 441, 379, 448, 379, 89, 434, 394, 529, 422, 407, 312, 359, 218, 178, 390, 480, 384, 494, 300, 32, 449, 273, 358, 488, 250, 382, 221],\n",
            "[187, 362, 242, 108, 88, 315, 234, 274, 240, 82, 162, 384, 114, 260, 500, 240, 407, 175, 513, 287, 455, 535, 202, 367, 133, 356, 299, 474, 383, 423, 331, 403, 434, 387, 370, 370, 252, 333, 468, 413, 300, 127, 562, 112, 466, 352, 292, 247, 224, 152, 250, 408, 176, 151, 198, 363, 236, 306, 246, 328, 247, 243, 229, 259, 490, 213, 44, 0, 102, 364, 149, 266, 269, 401, 349, 404, 343, 55, 391, 352, 493, 380, 364, 268, 325, 176, 153, 351, 436, 365, 468, 262, 62, 405, 254, 323, 465, 210, 370, 200],\n",
